cum_loss: 0.6125153430822674 
fape: 0.14515745639801025 
rmsd: 2.2473951821135323 
loss plddt: 3.4251224994659424 
loss tm: 2.391932487487793 
lddt: 0.5099081910069434 
plddt in loss: 43.98649215698242 
plddt tensor([0.4456, 0.4450, 0.4283, 0.4405]) 
ptm 0.0726044625043869 
Execution time 32409.999638795853 
training_losses: [[1.0759768784522605, 0.4540382921695709, 3.1368065467212016, 3.874325752258301, 3.0438358783721924, 0.03145633914104119, 0.02831539511680603], [1.213662081538741, 0.4360947608947754, 3.068042184701605, 3.915950298309326, 4.668471336364746, 0.3327256765681083, 0.07220527529716492], [1.1809224095783781, 0.41317519545555115, 3.0271330109160655, 3.9299964904785156, 4.611039161682129, 0.34573570030617684, 0.04468106850981712], [1.164452775374923, 0.4157627820968628, 3.0123812727903214, 3.8617911338806152, 4.435900688171387, 0.2542499142721118, 0.04272026568651199], [1.1341216947594908, 0.40311142802238464, 2.984086511833844, 3.878190755844116, 4.287234306335449, 0.288034073751009, 0.0330609492957592], [1.117218632088222, 0.3977457284927368, 2.955768956571748, 3.879629611968994, 4.200163841247559, 0.3826510061492401, 0.033886298537254333], [1.101077508238843, 0.40097731351852417, 2.933352583197415, 3.8324413299560547, 4.029325008392334, 0.2658652113748243, 0.029560672119259834], [1.0971280606961074, 0.394940584897995, 2.938714589024159, 3.793120861053467, 4.045228958129883, 0.2525673366981538, 0.031322963535785675], [1.0917833988234458, 0.3980344831943512, 2.9266371304691394, 3.7698493003845215, 3.973153591156006, 0.1971272333785378, 0.027423720806837082], [1.0846827651163449, 0.39345160126686096, 2.9730490914302665, 3.7242984771728516, 3.902019500732422, 0.16842580410070662, 0.031213650479912758], [1.074641751870534, 0.3882730007171631, 2.910104152281048, 3.7849364280700684, 3.915734052658081, 0.11492165073771077, 0.027776235714554787], [1.0829550081631616, 0.3955972194671631, 2.9763326959223297, 3.7165842056274414, 3.860079288482666, 0.14198766082109776, 0.029871713370084763], [1.0699029966607656, 0.3910292387008667, 2.9361044255792756, 3.6809656620025635, 3.815823554992676, 0.13481971305073764, 0.026433583348989487], [1.075432974211698, 0.39042478799819946, 2.9538050393556574, 3.612535238265991, 3.8601512908935547, 0.16323597609768048, 0.02558620274066925], [1.0572576441287644, 0.3799833059310913, 2.8880892274413488, 3.6078500747680664, 3.8485755920410156, 0.13466625646244557, 0.022234877571463585], [1.0596171056422667, 0.382760614156723, 2.887457858342007, 3.586538791656494, 3.8452415466308594, 0.1927099331079009, 0.02541547641158104], [1.0657477340066663, 0.3889285624027252, 2.915878473652384, 3.4826178550720215, 3.8174870014190674, 0.15036189002510075, 0.02210312709212303], [1.0547768486972418, 0.38243368268013, 2.884271691396352, 3.4501614570617676, 3.8046581745147705, 0.16038003568397485, 0.024396739900112152], [1.052538431347637, 0.3798913061618805, 2.8991183951060315, 3.39129900932312, 3.7934398651123047, 0.16297483453667141, 0.02464960515499115], [1.0506742242743312, 0.3803548216819763, 2.901866009944169, 3.5217177867889404, 3.766110897064209, 0.2053159679700492, 0.02104218676686287], [1.0523260460342365, 0.38841283321380615, 2.8642474195129157, 3.4039385318756104, 3.740845203399658, 0.16619241489844402, 0.02009308710694313], [1.0525469460218064, 0.3762661814689636, 2.9079357689906273, 3.3543591499328613, 3.8213281631469727, 0.1795075418515117, 0.02362421154975891], [1.042882490308766, 0.3749666213989258, 2.8975582715291215, 3.307175636291504, 3.748528480529785, 0.1660503760082904, 0.021174315363168716], [1.052855772671422, 0.3886287808418274, 2.878374811328409, 3.1075549125671387, 3.7328195571899414, 0.1298488615160075, 0.02168823964893818], [1.0386744664573087, 0.3794555366039276, 2.8749710498945555, 3.304323196411133, 3.6841750144958496, 0.17910367372401412, 0.022901929914951324], [1.0556450014669223, 0.3805961012840271, 2.935105381734445, 3.2584075927734375, 3.782799482345581, 0.14962378021535044, 0.02125471457839012], [1.0399711580946018, 0.3788785934448242, 2.878920509944577, 3.118880271911621, 3.7008163928985596, 0.1465883397056084, 0.02120167762041092], [1.0510843697023864, 0.38727009296417236, 2.887734796871716, 3.425089120864868, 3.7161569595336914, 0.20656823084344225, 0.019451115280389786], [1.0499937502074175, 0.38609981536865234, 2.8855370686977437, 3.014181613922119, 3.7232604026794434, 0.12505379204759678, 0.019783370196819305], [1.0400701249880044, 0.38027259707450867, 2.860354069550782, 3.1177003383636475, 3.706444263458252, 0.1540141794098807, 0.02037462592124939], [1.0405242398608345, 0.3845698833465576, 2.85233641950773, 2.9738545417785645, 3.6774685382843018, 0.12696836021936553, 0.021955469623208046], [1.0454529471580207, 0.3863180875778198, 2.88454723439765, 3.03525972366333, 3.6764488220214844, 0.10843111896738036, 0.01927703246474266], [1.0406524569799436, 0.3848721981048584, 2.8819921338718957, 3.1862316131591797, 3.6439480781555176, 0.16702458501097872, 0.02172868698835373], [1.0465251413426255, 0.3919054865837097, 2.890320426105416, 2.7742881774902344, 3.6281332969665527, 0.10981127510715585, 0.02198784239590168], [1.0504339953044655, 0.39468103647232056, 2.9068412572129088, 2.7715959548950195, 3.622972249984741, 0.11303818494158524, 0.01948176696896553], [1.0520118799817884, 0.38904666900634766, 2.9137670726637777, 3.0302159786224365, 3.6855828762054443, 0.13251702152916175, 0.020324034616351128], [1.0584607790485032, 0.3941348195075989, 2.9062012655474323, 2.7355241775512695, 3.709702968597412, 0.10496200468790318, 0.020351314917206764], [1.040838092740699, 0.38515666127204895, 2.871989132259781, 2.8380930423736572, 3.6564440727233887, 0.12091802738205457, 0.02157643623650074], [1.0385743533744394, 0.3884970545768738, 2.877225948515265, 2.8602561950683594, 3.594944477081299, 0.10325692832647335, 0.020650222897529602], [1.0376115482077264, 0.3866584300994873, 2.8609703446368506, 2.606381416320801, 3.622497081756592, 0.07722047163537682, 0.020654713734984398], [1.0367933613912843, 0.381486177444458, 2.854257281603, 2.5242016315460205, 3.673572540283203, 0.07688685123257824, 0.021815022453665733], [1.0421956797132979, 0.385420024394989, 2.8494441052924486, 2.771115779876709, 3.690601348876953, 0.1247642431326472, 0.021898336708545685], [1.032773110688919, 0.38135483860969543, 2.850416001391353, 2.4573540687561035, 3.639193058013916, 0.08408101931153644, 0.02331439033150673], [1.0449671644984826, 0.39356663823127747, 2.8782319531655745, 2.8014726638793945, 3.6077585220336914, 0.124313696006425, 0.022460032254457474], [1.043569892868565, 0.3848916292190552, 2.8956127398663907, 2.960232734680176, 3.661567449569702, 0.14308272100795985, 0.022536251693964005], [1.0451383741750537, 0.39131951332092285, 2.881507908172128, 2.7972872257232666, 3.6287078857421875, 0.13451104798379884, 0.020242970436811447], [1.0361076114411678, 0.3817524313926697, 2.8585881024517383, 2.6690773963928223, 3.6582727432250977, 0.10235219848071479, 0.020202847197651863], [1.0370172863644578, 0.3796975314617157, 2.8502501019323545, 2.8498377799987793, 3.694448947906494, 0.14798944680076231, 0.02263512834906578], [1.0253512954475412, 0.3726229965686798, 2.8408858898524745, 3.012927532196045, 3.6562676429748535, 0.1683507636971398, 0.02181912586092949], [1.0316925116301126, 0.38250383734703064, 2.8637381596011875, 3.1486597061157227, 3.5966620445251465, 0.17828446031865525, 0.019802212715148926], [1.0231073120333205, 0.37418103218078613, 2.847904899347524, 2.821195125579834, 3.6131458282470703, 0.12198727335722506, 0.022335801273584366], [1.0386241761393198, 0.385002076625824, 2.8838384904743224, 2.99701189994812, 3.6224124431610107, 0.16143261952545113, 0.02150483801960945], [1.0425413824423746, 0.38577213883399963, 2.883115991290258, 3.4218122959136963, 3.650358200073242, 0.2325291680064715, 0.021508270874619484], [1.0214112957552837, 0.37463754415512085, 2.8575000773042594, 2.8510289192199707, 3.5817270278930664, 0.14930808241899246, 0.021352475509047508], [1.0294155754612682, 0.37696191668510437, 2.876518845090564, 2.795795202255249, 3.6200597286224365, 0.1377363899190511, 0.02212529070675373], [1.0384184817525601, 0.37987852096557617, 2.894477359226948, 2.892671823501587, 3.6619954109191895, 0.16781017727750752, 0.021044479683041573], [1.033577940666711, 0.37960439920425415, 2.9047087580676942, 3.2437584400177, 3.6025891304016113, 0.20951107719266568, 0.02116706781089306], [1.0500212910367308, 0.3923376798629761, 2.934885567767677, 2.7297492027282715, 3.6146528720855713, 0.10641639849782589, 0.02144143171608448], [1.049763514655512, 0.3942399024963379, 2.9115257365150398, 2.931840181350708, 3.614392042160034, 0.18633014695977973, 0.02210228145122528], [1.037786929914495, 0.3844560384750366, 2.8849794766842396, 2.921736240386963, 3.619112014770508, 0.16544960402033962, 0.020652517676353455], [1.036749274006299, 0.38773342967033386, 2.8782981191966606, 2.705817222595215, 3.5848021507263184, 0.11367027145369273, 0.02010175958275795], [1.041913976213848, 0.3876948356628418, 2.9156673864549933, 3.2391653060913086, 3.5941321849823, 0.21634242032108392, 0.022435709834098816], [1.0227509893881659, 0.3778113126754761, 2.8288273359039233, 3.1679294109344482, 3.5888900756835938, 0.18238852780807138, 0.019191013649106026], [1.0338271990553503, 0.3819882869720459, 2.873434209399883, 3.2104005813598633, 3.6128509044647217, 0.22451856311487692, 0.021070696413517], [1.0435637528869826, 0.39295530319213867, 2.886428877107369, 3.2012412548065186, 3.5876431465148926, 0.21219079051969716, 0.019963320344686508], [1.0393286797842998, 0.3849426507949829, 2.884706364638228, 2.864335536956787, 3.6305105686187744, 0.1694850797996037, 0.0198834165930748], [1.021298941622424, 0.37853336334228516, 2.8471124537934656, 2.9434192180633545, 3.5511090755462646, 0.16866338431746475, 0.020792219787836075], [1.0456449841040663, 0.3888251781463623, 2.894885162714413, 3.156118869781494, 3.641751766204834, 0.214863967104934, 0.01963590458035469], [1.0282532458257467, 0.3791576623916626, 2.849272056080939, 2.8966684341430664, 3.6127171516418457, 0.1938648729435726, 0.02097238227725029], [1.057968171062884, 0.4022475481033325, 2.920034215608659, 3.357532501220703, 3.6035966873168945, 0.24988517277806363, 0.0191433597356081], [1.0243030319050996, 0.379258930683136, 2.8531966549950836, 3.264549732208252, 3.564598798751831, 0.23358088503416657, 0.018836021423339844], [1.0262179723816196, 0.3764600157737732, 2.8478568418568178, 3.274628162384033, 3.616976261138916, 0.23348537225901783, 0.01971786841750145], [1.0443396701891783, 0.39426708221435547, 2.888835878991398, 2.9151062965393066, 3.5827388763427734, 0.18040920513878134, 0.02259088307619095], [1.050303496682963, 0.3964022397994995, 2.9201431552129105, 2.880864143371582, 3.5900607109069824, 0.1577731722301773, 0.022318005561828613], [1.0354404577869738, 0.39044326543807983, 2.880793800927515, 2.7762489318847656, 3.5414154529571533, 0.1828567160869993, 0.023434165865182877], [1.021900836736464, 0.37898018956184387, 2.8775699146514473, 2.882412910461426, 3.5228123664855957, 0.18831524883775053, 0.021497763693332672], [1.0344332443939654, 0.3848792016506195, 2.8791935475712105, 3.428356170654297, 3.5820631980895996, 0.247813213604472, 0.01968824863433838], [1.0321457465638189, 0.3873494565486908, 2.8615081710673542, 3.483776092529297, 3.551616907119751, 0.2547888710109848, 0.021471867337822914], [1.0553492179041142, 0.3979513347148895, 2.8830254468073786, 3.1905899047851562, 3.6590473651885986, 0.20167350744522808, 0.020815536379814148], [1.0231913026845563, 0.37813955545425415, 2.8663861346007478, 3.0492281913757324, 3.5536389350891113, 0.17026516636915243, 0.02173825353384018], [1.035803834596418, 0.3935627341270447, 2.892256227002964, 3.069634437561035, 3.4994583129882812, 0.10811047594700204, 0.019998982548713684], [1.0483970090516126, 0.4012715220451355, 2.94308805861718, 2.9482641220092773, 3.4986841678619385, 0.15835648347065787, 0.022806335240602493], [1.0201815603614566, 0.3839879035949707, 2.861074772045729, 2.796051025390625, 3.4729013442993164, 0.11175850217550395, 0.01930786855518818], [1.023236897312916, 0.3814038932323456, 2.8752458887628385, 2.8968639373779297, 3.514115333557129, 0.14150398950183524, 0.020931726321578026], [1.036946538682066, 0.3911992311477661, 2.8908477335699647, 3.4310145378112793, 3.532315254211426, 0.265307550512623, 0.02536025643348694], [1.0130271678479055, 0.3753243684768677, 2.85367657632161, 2.8595492839813232, 3.494755744934082, 0.13478938108765262, 0.02139042690396309], [1.0293697000338111, 0.3831271529197693, 2.926569709411237, 2.8615047931671143, 3.5072405338287354, 0.16248545792598024, 0.020502841100096703], [1.0174930082476965, 0.3845466375350952, 2.8500065075524956, 3.1231043338775635, 3.448225975036621, 0.22534502620603375, 0.020761482417583466], [1.026233884370559, 0.39189082384109497, 2.8591179950595755, 3.224165678024292, 3.452070951461792, 0.2187148761405682, 0.02162645012140274], [1.0034028488097981, 0.3739275634288788, 2.8175596761315025, 3.2234549522399902, 3.4449586868286133, 0.19151121756554415, 0.022322336211800575], [1.0049460349256947, 0.3786979019641876, 2.8309102338988623, 3.0128626823425293, 3.401442527770996, 0.20446897360337501, 0.02178007736802101], [1.0200259495652368, 0.3823547065258026, 2.886760694566271, 2.8587822914123535, 3.4613637924194336, 0.14984058067786105, 0.024082699790596962], [1.0164132339401821, 0.37521108984947205, 2.9128098441163988, 3.038726806640625, 3.4688243865966797, 0.1958186663209897, 0.027100447565317154], [1.0070442788290852, 0.3769509792327881, 2.8608769392474227, 2.8642325401306152, 3.4114136695861816, 0.16451004364149632, 0.023172274231910706], [1.0031472103476475, 0.3713511824607849, 2.8467028157710526, 3.0485763549804688, 3.4407715797424316, 0.2172370302305326, 0.02342967875301838], [0.9951256878421151, 0.3680477738380432, 2.7955830718655816, 3.255337715148926, 3.4426426887512207, 0.241923208711062, 0.02245435304939747], [1.0005888056004464, 0.37071630358695984, 2.825556846329987, 3.013209342956543, 3.4430360794067383, 0.22211158667203218, 0.02542686276137829], [1.0003358838825156, 0.3747810125350952, 2.8359310731539913, 2.934359073638916, 3.3902740478515625, 0.17230594210340677, 0.0191101785749197], [1.0133919438596872, 0.3837806284427643, 2.851273140188363, 3.467142343521118, 3.4101686477661133, 0.2947546407504516, 0.02235347405076027], [1.0116828275990497, 0.37572622299194336, 2.855588820443313, 3.0737385749816895, 3.4732398986816406, 0.2163767476948935, 0.02286270260810852], [1.038420500358036, 0.39573079347610474, 2.896681808712243, 3.5726661682128906, 3.494488477706909, 0.2956464905024537, 0.020705942064523697], [0.9901330386541498, 0.36063525080680847, 2.8033862605427324, 3.181586980819702, 3.459775686264038, 0.270919578608807, 0.02354554831981659], [1.0165817712802416, 0.38119494915008545, 2.8385605298876517, 2.9623594284057617, 3.4856839179992676, 0.2174175809034821, 0.020712874829769135], [0.9988681869826201, 0.37139177322387695, 2.820694537612531, 3.13816499710083, 3.4226880073547363, 0.2723056941846371, 0.018088649958372116], [0.9989554100633425, 0.3670296370983124, 2.824428447951389, 3.002230644226074, 3.4648070335388184, 0.2640906388564432, 0.019125528633594513], [1.0144637369928104, 0.37226513028144836, 2.868166441009533, 3.108081102371216, 3.5227386951446533, 0.23083015318241035, 0.01982976868748665], [1.0039188007782485, 0.36993518471717834, 2.859851702074792, 3.4141297340393066, 3.44584321975708, 0.2942287372282816, 0.021009143441915512], [0.997485993801636, 0.36522722244262695, 2.8370894435702017, 3.3222575187683105, 3.452275514602661, 0.28202665114383163, 0.018375426530838013], [1.0012644256365792, 0.3710367679595947, 2.8564206831095094, 3.098926544189453, 3.4148666858673096, 0.21911609464051915, 0.01965278387069702], [1.0067526045106918, 0.3783358633518219, 2.863160875943124, 3.1015310287475586, 3.389991283416748, 0.24746155767365452, 0.020129196345806122], [1.0031020924356966, 0.3711441159248352, 2.817781315093128, 3.534191608428955, 3.466456413269043, 0.33136093190936533, 0.02163448929786682], [1.0098102296170952, 0.3724850118160248, 2.841790303056301, 3.203294515609741, 3.4994289875030518, 0.24074380185506433, 0.0196946132928133], [1.037009971234657, 0.38903409242630005, 2.966064305693731, 2.937443733215332, 3.4843199253082275, 0.20462057616276885, 0.018375081941485405], [0.9840885699307692, 0.3599994480609894, 2.7979874965270577, 2.960648536682129, 3.413297176361084, 0.191272157958515, 0.01767849363386631], [0.9948233917609104, 0.3636704385280609, 2.8202095532531524, 3.038015365600586, 3.460939884185791, 0.20175775494975012, 0.016945526003837585], [1.0002585478508987, 0.3752638101577759, 2.825473548295119, 3.3351306915283203, 3.391122341156006, 0.26795517366477534, 0.018559269607067108], [0.9917243029395542, 0.367779016494751, 2.824991435682824, 3.170412063598633, 3.3827571868896484, 0.27433729463742396, 0.01958983950316906], [1.0000314517954718, 0.3794748783111572, 2.824071080966274, 2.9279065132141113, 3.352215528488159, 0.2154513035125956, 0.017759626731276512], [1.0067129057771322, 0.3758535385131836, 2.8509002639304657, 3.7844130992889404, 3.419849157333374, 0.3706280798751646, 0.018334513530135155], [0.9787587972496683, 0.3614920973777771, 2.8065636354955377, 3.310013771057129, 3.333003282546997, 0.2930039509387458, 0.020585568621754646], [0.9774289704410803, 0.35534289479255676, 2.7922026631594417, 3.5603785514831543, 3.393054246902466, 0.3086824488945137, 0.01982315443456173], [0.9915742782544478, 0.3691776394844055, 2.8090580265448826, 3.69128680229187, 3.377995491027832, 0.34928874430389034, 0.018277514725923538], [0.9983879664111379, 0.3682284653186798, 2.815424223560337, 3.165574550628662, 3.454514980316162, 0.248178811783886, 0.022593367844820023], [0.984278922928115, 0.36543500423431396, 2.827235344141625, 3.174679756164551, 3.3294570446014404, 0.3038224420783327, 0.01894652470946312], [0.9779184920217655, 0.3587464690208435, 2.793056588589958, 3.047609329223633, 3.368187427520752, 0.29236829388480545, 0.02232590690255165], [0.9828408864273313, 0.36386027932167053, 2.796250289252581, 3.1182963848114014, 3.362372875213623, 0.2793115214839167, 0.019365794956684113], [0.9727144293213061, 0.35024067759513855, 2.827509274432233, 3.232431411743164, 3.3649039268493652, 0.2763291124591749, 0.01868724636733532], [0.9667122416999571, 0.3468146324157715, 2.7642149029862204, 3.6028943061828613, 3.3987321853637695, 0.3601147342723022, 0.02259221486747265], [0.9499614801219223, 0.3357052803039551, 2.731659977192548, 3.5774405002593994, 3.3751275539398193, 0.360109564955498, 0.020673517137765884], [0.9728484819504577, 0.3525794744491577, 2.778349809675622, 3.253169536590576, 3.39180850982666, 0.29981059994079395, 0.019311483949422836], [0.9482276028525807, 0.3380165994167328, 2.759211143516726, 3.06070876121521, 3.3122916221618652, 0.2432007261013897, 0.016968896612524986], [0.9487561675908732, 0.34056058526039124, 2.7290112378101226, 3.102931499481201, 3.3219151496887207, 0.2730180174741371, 0.019856687635183334], [0.9218488726330615, 0.3166441321372986, 2.707054661152578, 3.020738124847412, 3.3147852420806885, 0.2795218845997426, 0.02074221894145012], [0.9454806497992359, 0.33258628845214844, 2.7680596566958044, 3.3008222579956055, 3.3278756141662598, 0.342014713913207, 0.01921507529914379], [0.9434837212930081, 0.3260672688484192, 2.7408797276715005, 3.3231115341186523, 3.4000537395477295, 0.33671123874420417, 0.017760347574949265], [0.9368594203186744, 0.3268802762031555, 2.720535717015678, 3.3121893405914307, 3.3461337089538574, 0.36159126591474233, 0.02299312874674797], [0.9243964480909849, 0.3231767416000366, 2.7028074583256188, 3.231044054031372, 3.2770791053771973, 0.3197629574444705, 0.018701190128922462], [0.9365114881235985, 0.3270763158798218, 2.715012095447509, 3.2825818061828613, 3.3465137481689453, 0.3634294253552244, 0.01798275113105774], [0.938972256833573, 0.3301841616630554, 2.7543052797008043, 3.2170658111572266, 3.3014049530029297, 0.3438399467003394, 0.017869647592306137], [0.9651802467031608, 0.3481947183609009, 2.7750389262458484, 3.0888454914093018, 3.3639278411865234, 0.27870809390678775, 0.017645791172981262], [0.9250244101576433, 0.32301974296569824, 2.704365396939143, 3.474628448486328, 3.2809348106384277, 0.3557134748578893, 0.01833721436560154], [0.9458991507816037, 0.33771586418151855, 2.740119932967147, 3.5512425899505615, 3.3062005043029785, 0.3882433738010961, 0.020223230123519897], [0.9560175463746665, 0.3434686064720154, 2.751461719352183, 3.3073792457580566, 3.340953826904297, 0.36001779232395903, 0.017964353784918785], [0.9311462873188263, 0.32637515664100647, 2.721550559685981, 3.3880608081817627, 3.2922801971435547, 0.37448875082570376, 0.017580268904566765], [0.9351066643647241, 0.3277575969696045, 2.7114873093509546, 3.6916232109069824, 3.325087070465088, 0.4193520227224241, 0.017896123230457306], [0.959146066030817, 0.34446677565574646, 2.752987208518701, 3.6417019367218018, 3.357388734817505, 0.4091488989283632, 0.018985632807016373], [0.9203951011829772, 0.32642242312431335, 2.680944802657463, 3.532970666885376, 3.223452091217041, 0.396995429652638, 0.01839025691151619], [0.9165891479953695, 0.31572964787483215, 2.682013072792012, 3.374150514602661, 3.2928404808044434, 0.3973572570703373, 0.020138228312134743], [0.889805356494473, 0.3057655692100525, 2.6055035343146473, 3.623551368713379, 3.1986587047576904, 0.38320472669031447, 0.019057180732488632], [0.8948102828488136, 0.30542901158332825, 2.612770653702701, 3.7508981227874756, 3.24353289604187, 0.4547998414126302, 0.01803227886557579], [0.9008107014218156, 0.3071310222148895, 2.6127969601506336, 3.6108083724975586, 3.2878916263580322, 0.44807191074494374, 0.01841834746301174], [0.8979267963559849, 0.3067411184310913, 2.626224215028358, 3.527594804763794, 3.250356674194336, 0.42297265944281187, 0.01764296367764473], [0.9245282333571831, 0.320928156375885, 2.664285114728282, 3.585766553878784, 3.33585786819458, 0.44467091939148295, 0.017780348658561707], [0.931537539418237, 0.3305751085281372, 2.7061728779171563, 3.1783769130706787, 3.27166748046875, 0.32864019712853365, 0.01846625655889511], [0.9210920931134864, 0.32133305072784424, 2.6837095141564746, 3.368680477142334, 3.280194044113159, 0.40679489778632527, 0.01808251440525055], [0.8842891804050954, 0.29907143115997314, 2.6046775655041645, 3.425316333770752, 3.2132468223571777, 0.4274879893200486, 0.019188877195119858], [0.8855871974390226, 0.2992721199989319, 2.6088081038484745, 3.5970799922943115, 3.218371868133545, 0.42594365654069755, 0.019731877371668816], [0.8855054931538306, 0.30372220277786255, 2.6196196664219125, 3.5420613288879395, 3.162792682647705, 0.43515727531986503, 0.01849655993282795], [0.8846341647598367, 0.3034988343715668, 2.620254467632096, 3.658529758453369, 3.154513359069824, 0.43822446279636207, 0.018404044210910797], [0.8847679256277787, 0.3069542646408081, 2.6182912432613543, 3.550429344177246, 3.1243410110473633, 0.4063649627112814, 0.017097707837820053], [0.9210142464693305, 0.3240576386451721, 2.6600517885197377, 3.511465072631836, 3.274399518966675, 0.4294509982193043, 0.01894250512123108], [0.9009623368218607, 0.31643009185791016, 2.6444285516106247, 3.32548189163208, 3.1676390171051025, 0.35162164159422565, 0.017635345458984375], [0.8777976488426937, 0.30108845233917236, 2.6062597504003486, 3.3451900482177734, 3.12738037109375, 0.3625403691660893, 0.018357478082180023], [0.8546174003718529, 0.2880175709724426, 2.5784721136783393, 3.4449315071105957, 3.05307674407959, 0.38306351505537384, 0.0181305892765522], [0.8584176154306786, 0.29216891527175903, 2.5845553367051046, 3.6755762100219727, 3.0411758422851562, 0.4580972124486321, 0.01909036375582218], [0.8631862370174228, 0.29222309589385986, 2.580302828799783, 3.7534029483795166, 3.091794490814209, 0.47676186175412383, 0.019293876364827156], [0.8526996395119164, 0.28687620162963867, 2.5559599465100797, 3.883202075958252, 3.0634422302246094, 0.4691860953727527, 0.0185544490814209], [0.833919378807241, 0.2764398753643036, 2.5310422235115784, 3.634502410888672, 3.0074076652526855, 0.4292669964082455, 0.01992025598883629], [0.8125415866147485, 0.260373055934906, 2.5160805232596966, 3.3080615997314453, 2.9725241661071777, 0.35826011644699673, 0.018283527344465256], [0.8193858067351107, 0.2644401490688324, 2.537005536104266, 3.2788023948669434, 2.9796628952026367, 0.3623585218762078, 0.0207807756960392], [0.8081148138127192, 0.2552788555622101, 2.511226080215438, 3.2628800868988037, 2.9845046997070312, 0.33474813457753483, 0.01976877450942993], [0.8309734667026866, 0.2736293375492096, 2.5352301898686767, 3.4813218116760254, 3.0033979415893555, 0.41713971508092673, 0.02016112022101879], [0.7974413088417758, 0.24997830390930176, 2.5053429392978144, 3.4890544414520264, 2.934396505355835, 0.4297468517387617, 0.019339822232723236], [0.8166169380056602, 0.26542502641677856, 2.546519485986721, 3.4188036918640137, 2.931211471557617, 0.32939935399424797, 0.020997917279601097], [0.8199087395440909, 0.2589494585990906, 2.525696887277188, 3.291594982147217, 3.0509798526763916, 0.34941317173652353, 0.020832335576415062], [0.8054215557343372, 0.25302958488464355, 2.489475387550004, 3.61566424369812, 2.9982876777648926, 0.4426908479359253, 0.02131064236164093], [0.781869508290815, 0.2402656078338623, 2.4912686502762402, 3.427797317504883, 2.8904922008514404, 0.43964295452799096, 0.018969573080539703], [0.7785114640020427, 0.23787352442741394, 2.4606165719448, 3.3443222045898438, 2.9123196601867676, 0.3723725126971045, 0.021567441523075104], [0.7848677623643988, 0.24488243460655212, 2.482193994894141, 3.4353432655334473, 2.883305788040161, 0.4029911784497195, 0.020067863166332245], [0.8132627161236246, 0.26139235496520996, 2.5381477498614684, 3.3447413444519043, 2.947108268737793, 0.33711636148866986, 0.021177776157855988], [0.8230104547127344, 0.26659661531448364, 2.5434824341379185, 3.3044068813323975, 2.987611770629883, 0.33494072364034005, 0.022218642756342888], [0.789331068227371, 0.24387186765670776, 2.488045188955271, 3.716449022293091, 2.92938232421875, 0.4912449297942174, 0.02015882544219494], [0.7854040285018222, 0.24103111028671265, 2.4961835717828436, 3.635164260864258, 2.91119384765625, 0.45145911743063805, 0.020984308794140816], [0.7957709029492259, 0.2506973147392273, 2.510016740475118, 3.4917306900024414, 2.905801773071289, 0.4187606508114181, 0.02132968232035637], [0.7814969208546967, 0.23826566338539124, 2.4780771415578733, 3.6217925548553467, 2.9180173873901367, 0.41008446521550546, 0.02052299678325653], [0.7831698766433243, 0.23814116418361664, 2.484492008563671, 3.3655776977539062, 2.9321391582489014, 0.3455151699545249, 0.020771775394678116], [0.8242523135102473, 0.2687956988811493, 2.561011943451247, 3.2305147647857666, 2.9612488746643066, 0.3999574674977302, 0.021515607833862305], [0.8188094357626015, 0.2661391496658325, 2.5457000272734702, 3.347417116165161, 2.947528600692749, 0.3492629533132916, 0.02215936779975891], [0.8024243226089656, 0.2579629123210907, 2.515674198792456, 3.3731305599212646, 2.8952085971832275, 0.42407759447374327, 0.0227602981030941], [0.7793494012149625, 0.2410474419593811, 2.479082491191679, 3.308206558227539, 2.8708548545837402, 0.3697581519609677, 0.02104300819337368], [0.779391368692919, 0.24150776863098145, 2.4788167847338256, 3.5240278244018555, 2.864778757095337, 0.4543539277560318, 0.02235262282192707], [0.7569593378408256, 0.226319819688797, 2.4446459799729316, 3.5974948406219482, 2.8257741928100586, 0.4745667371413388, 0.023219287395477295], [0.7503332661200773, 0.21843811869621277, 2.4464403537255643, 3.3554704189300537, 2.838956356048584, 0.4048225739165524, 0.022234532982110977], [0.7921928938225533, 0.24784880876541138, 2.495985198978956, 3.595889091491699, 2.911496639251709, 0.4812373556568985, 0.02116173878312111], [0.7401419122004632, 0.21061377227306366, 2.44120167172489, 3.451448917388916, 2.8195652961730957, 0.45967248024157525, 0.022326746955513954], [0.7412659811290258, 0.21635740995407104, 2.425083915205949, 3.6003475189208984, 2.7879981994628906, 0.43356425775551144, 0.02258150279521942], [0.7609105474488731, 0.23069337010383606, 2.463538715323355, 3.288328170776367, 2.8057496547698975, 0.4407228241466864, 0.021443184465169907], [0.7883129586747083, 0.24442577362060547, 2.525125221630725, 3.470996141433716, 2.8790366649627686, 0.49337860610648837, 0.020124882459640503], [0.7869096873577321, 0.24274788796901703, 2.505088821302736, 3.295387029647827, 2.9035751819610596, 0.34364719679870903, 0.021784024313092232], [0.7499376872378668, 0.22005321085453033, 2.4058273730904665, 3.838852882385254, 2.854628801345825, 0.4985060917998998, 0.02325250953435898], [0.7465065396736391, 0.21686293184757233, 2.4610920230588094, 3.4681835174560547, 2.800662040710449, 0.37503494367827395, 0.021567996591329575], [0.7540897531529291, 0.2218228280544281, 2.4453429901985073, 3.722841501235962, 2.840097665786743, 0.4933566445592128, 0.02152232453227043], [0.748109603770838, 0.2194371521472931, 2.4365840666444685, 3.3188278675079346, 2.8169522285461426, 0.38485835056850004, 0.022800957784056664], [0.7464172430360992, 0.21984004974365234, 2.4284848687484164, 3.5100157260894775, 2.8021867275238037, 0.45455822913316934, 0.023228608071804047], [0.7490109291091486, 0.21894201636314392, 2.428431024007424, 3.5312747955322266, 2.8369452953338623, 0.45342514156095476, 0.021802475675940514], [0.7554126021236653, 0.22147886455059052, 2.456725288898225, 3.6031341552734375, 2.846580743789673, 0.4670185651772546, 0.025190412998199463], [0.7930965867496994, 0.2482234388589859, 2.5435743705816236, 3.349055528640747, 2.871666431427002, 0.4309738096090169, 0.02329665794968605], [0.7385710986218817, 0.2131093442440033, 2.4439002092736137, 3.303866386413574, 2.7776787281036377, 0.3697522577153925, 0.02417251653969288], [0.7376768132723016, 0.21605947613716125, 2.4363987986511413, 3.416856527328491, 2.745605945587158, 0.44663772814858116, 0.02446819096803665], [0.7314766987968052, 0.21078693866729736, 2.4034271857662146, 3.4860293865203857, 2.7686100006103516, 0.4734261241859352, 0.02416466921567917], [0.7141371440172033, 0.19935622811317444, 2.384281529608951, 3.4103686809539795, 2.729423761367798, 0.4229879948884753, 0.02428184077143669], [0.7500956673063879, 0.22609008848667145, 2.4522871848946255, 3.3499956130981445, 2.7542686462402344, 0.45407430991381037, 0.02270553633570671], [0.8113630362335906, 0.2605961561203003, 2.532355333227977, 3.3052663803100586, 2.9422607421875, 0.4222251777100683, 0.022064313292503357], [0.744358636543592, 0.22032232582569122, 2.404598189633987, 3.809842586517334, 2.797666549682617, 0.49330010703020266, 0.022183606401085854], [0.9122000401477535, 0.3153114318847656, 2.688739709194023, 3.395850658416748, 3.246187686920166, 0.3773465378323154, 0.021327480673789978], [0.840412474407796, 0.2745237648487091, 2.5915987527275473, 3.378713369369507, 3.033501148223877, 0.41862949652335885, 0.02231399342417717], [0.7789261699576041, 0.24143852293491364, 2.4883322067708877, 3.3570621013641357, 2.852973461151123, 0.3505489345911872, 0.02284691110253334], [0.8248904855540378, 0.27145886421203613, 2.545456216289086, 3.342954635620117, 2.955430269241333, 0.3937341484339222, 0.024459155276417732], [0.8877570176563139, 0.3066202402114868, 2.6451239749518276, 3.1924314498901367, 3.134319543838501, 0.37513610957923316, 0.023756636306643486], [0.828590769016075, 0.2744046449661255, 2.569143587470828, 3.2164523601531982, 2.9405531883239746, 0.38081407099495407, 0.0242576003074646], [0.7757834285001002, 0.23587115108966827, 2.4717297199803516, 3.6012563705444336, 2.8913803100585938, 0.46811321079882706, 0.023848559707403183], [0.7727613019735521, 0.23264718055725098, 2.4715029857838213, 3.740807294845581, 2.8922300338745117, 0.48148433134008783, 0.02431243471801281], [0.7865419524701662, 0.24167536199092865, 2.5030933269098177, 3.7309370040893555, 2.9082632064819336, 0.46117737519736857, 0.023281680420041084], [0.7771152413064053, 0.23847872018814087, 2.4965835377437973, 3.2840747833251953, 2.856940746307373, 0.4091287609503691, 0.023419633507728577], [0.7737187929646698, 0.2377232313156128, 2.4954456232577833, 3.376650094985962, 2.8307433128356934, 0.38386952854345147, 0.02391381561756134], [0.827355241244961, 0.26943087577819824, 2.563960753198008, 3.431901454925537, 2.980963706970215, 0.46264585104063716, 0.023984121158719063], [0.8976568368508464, 0.3103466033935547, 2.662873126811332, 3.2435286045074463, 3.1777939796447754, 0.3550748016700419, 0.023477591574192047], [0.8812709436138285, 0.3043674826622009, 2.6218178769025333, 3.5193257331848145, 3.11202335357666, 0.46297466440562784, 0.020320598036050797], [0.8481955877431337, 0.28031784296035767, 2.589337860625837, 3.626169204711914, 3.053177833557129, 0.4819993113918011, 0.02346254326403141], [0.7956969723562892, 0.25681984424591064, 2.5189994969323237, 3.2163922786712646, 2.8376078605651855, 0.32844224114759935, 0.02397771365940571], [0.8237436099895772, 0.2672364413738251, 2.5557484482280275, 3.4052786827087402, 2.9752702713012695, 0.4479728811657416, 0.024013280868530273], [0.7882072938567161, 0.2481766641139984, 2.497675678653776, 3.574406147003174, 2.866886615753174, 0.4863159644042835, 0.02290869876742363], [0.7807789948199857, 0.2440645694732666, 2.4834366449052285, 3.797980546951294, 2.8457276821136475, 0.49708561415347574, 0.02344534546136856], [0.783239426167088, 0.24085348844528198, 2.504095154175184, 3.2535791397094727, 2.887228488922119, 0.40272505038912715, 0.0249926820397377], [0.7731176240348799, 0.24115979671478271, 2.4770716302819387, 3.3298606872558594, 2.8092079162597656, 0.42501503659381923, 0.0242402832955122], [0.7856684819498212, 0.24683097004890442, 2.485164931212665, 3.7490391731262207, 2.865719795227051, 0.5291158625630796, 0.02346019446849823], [0.7725493353879486, 0.23291239142417908, 2.464931984519992, 3.6283693313598633, 2.895153760910034, 0.4593560531545188, 0.022932328283786774], [0.7929450667247423, 0.24579615890979767, 2.526708881154903, 3.422340154647827, 2.9105567932128906, 0.4251188830979038, 0.023907430469989777], [0.8436108831742919, 0.2801711857318878, 2.5777182466892072, 3.278966188430786, 3.0238890647888184, 0.3563797425761128, 0.024929767474532127], [0.8069604879927521, 0.2607118487358093, 2.5482154080948587, 3.293715476989746, 2.881333827972412, 0.4286871957443281, 0.023814288899302483], [0.771916320397755, 0.23418252170085907, 2.4519348502089633, 3.879817008972168, 2.8866047859191895, 0.5041246637191978, 0.022926628589630127], [0.7603186026712044, 0.22920653223991394, 2.454430973188116, 3.5570898056030273, 2.8211188316345215, 0.4581705490949991, 0.023644085973501205], [0.7710437134578312, 0.23564493656158447, 2.499122743233526, 3.707839012145996, 2.817786455154419, 0.49059860014057904, 0.024433135986328125], [0.7773050156833479, 0.23226813971996307, 2.504179748652377, 3.2708311080932617, 2.913480758666992, 0.36434921910752893, 0.023913340643048286], [0.8090300306733074, 0.2612428069114685, 2.5499663949565314, 3.4048779010772705, 2.893857002258301, 0.4674434128579191, 0.024086639285087585], [0.8104193962280593, 0.25677353143692017, 2.5131444862195766, 3.507493019104004, 2.988239288330078, 0.459520052270707, 0.022138677537441254], [0.7904495587484237, 0.2453034520149231, 2.5217962939341323, 3.482602119445801, 2.894838809967041, 0.4457539319910371, 0.024236582219600677], [0.7906907962235106, 0.2436772882938385, 2.5122998585649263, 3.266664505004883, 2.925168514251709, 0.38835819562486273, 0.025471722707152367], [0.7961761976025248, 0.24902385473251343, 2.5407527632929328, 3.6304144859313965, 2.8944664001464844, 0.4845360911244709, 0.024067852646112442], [0.7846936664157698, 0.2418154776096344, 2.4959509322281574, 3.904064893722534, 2.8937902450561523, 0.5234699534375995, 0.022723060101270676], [0.8080147705440219, 0.25567924976348877, 2.5637921089574647, 3.6082825660705566, 2.923480272293091, 0.471126611341832, 0.023585904389619827], [0.7770024427244333, 0.23268114030361176, 2.517027583470462, 3.2367119789123535, 2.8938181400299072, 0.3651353608282344, 0.024299751967191696], [0.7534101441015644, 0.2261219322681427, 2.4822353301357163, 3.871941089630127, 2.751927375793457, 0.5024228875589485, 0.024736423045396805], [0.7580663477001888, 0.22459948062896729, 2.483825175022883, 3.560346841812134, 2.815239906311035, 0.45074191581105394, 0.021519828587770462], [0.7845734585393058, 0.2387949824333191, 2.5267548503725106, 3.739845037460327, 2.8936314582824707, 0.4841823657761027, 0.023620881140232086], [0.7936225214118033, 0.24147436022758484, 2.5567564131523364, 3.4089088439941406, 2.930636167526245, 0.37438364848727945, 0.024718696251511574], [0.7491156794715046, 0.21894201636314392, 2.4714422115379264, 3.3588755130767822, 2.796705484390259, 0.42544571895521127, 0.02457285486161709], [0.767196436309769, 0.22875761985778809, 2.4987233932088238, 3.8724610805511475, 2.846940040588379, 0.5117991540782891, 0.02361489273607731], [0.7556970810671366, 0.22298216819763184, 2.4735846739868, 3.4092795848846436, 2.819471597671509, 0.46320807122553054, 0.023405391722917557], [0.7734379764574035, 0.235130175948143, 2.4849864965513486, 3.502471446990967, 2.8630666732788086, 0.4328050791567196, 0.023858755826950073], [0.7729731015888368, 0.23203429579734802, 2.514184946221624, 3.448861598968506, 2.8607144355773926, 0.44497450923845916, 0.024640731513500214], [0.7453656044759318, 0.2143503576517105, 2.4470211630393717, 3.8271982669830322, 2.824859142303467, 0.5100243097577328, 0.02302064187824726], [0.7313937446990086, 0.202383354306221, 2.457921453707887, 3.684173107147217, 2.7953407764434814, 0.4633676652037971, 0.02372312918305397], [0.7223274297658916, 0.20269423723220825, 2.4541812852216913, 3.534308433532715, 2.7068073749542236, 0.48424896862262157, 0.023895692080259323], [0.7440881847070745, 0.21878790855407715, 2.4573313879242455, 3.6676673889160156, 2.7589945793151855, 0.4902057919830999, 0.023827407509088516], [0.7248305017509823, 0.20104503631591797, 2.4206764441070607, 3.625227928161621, 2.780925750732422, 0.4794364832527236, 0.024233810603618622], [0.7555329935909787, 0.21715512871742249, 2.513485428696104, 3.447826623916626, 2.835814952850342, 0.46631130506109475, 0.02398967370390892], [0.7182010521423493, 0.1893676519393921, 2.4319563477863113, 3.759085178375244, 2.81878662109375, 0.5107572800966498, 0.022165710106492043], [0.7295412835627297, 0.20669770240783691, 2.443285726438711, 3.3636364936828613, 2.751513719558716, 0.45704061617703645, 0.024856965988874435], [0.7368710930207667, 0.2028588205575943, 2.461172346705494, 3.8070220947265625, 2.8408801555633545, 0.5100719764060749, 0.023219775408506393], [0.7162638333752744, 0.19102224707603455, 2.4254617529325113, 3.766803026199341, 2.7892861366271973, 0.518572555824456, 0.023042630404233932], [0.7417918073629266, 0.2090173363685608, 2.443308853694475, 3.699233293533325, 2.8474433422088623, 0.482326118473225, 0.022694237530231476], [0.7269377813319529, 0.19972091913223267, 2.4466596125800555, 3.554701328277588, 2.78996205329895, 0.45057576448017067, 0.023101147264242172], [0.7460703273544098, 0.21844033896923065, 2.4548651755396382, 3.4612388610839844, 2.7868223190307617, 0.43197781416309766, 0.023700956255197525], [0.7525342951525932, 0.21846240758895874, 2.4638635450946147, 3.4094645977020264, 2.8427605628967285, 0.44938216504307094, 0.02377171441912651], [0.9832598617412064, 0.3492164611816406, 2.761033053155902, 3.2953197956085205, 3.54644775390625, 0.35543092320180664, 0.021531403064727783], [0.9036317559067999, 0.30948328971862793, 2.661713248227631, 3.4911537170410156, 3.2448596954345703, 0.4145191416510831, 0.02374923974275589], [0.794259453200743, 0.24449071288108826, 2.5120059215371344, 3.3296828269958496, 2.9523844718933105, 0.4324398065146927, 0.019733136519789696], [0.814319999405217, 0.26054948568344116, 2.539535073852508, 3.2802624702453613, 2.965367317199707, 0.43797114263277004, 0.023616848513484], [0.8327271103714362, 0.26933830976486206, 2.569940219488696, 3.29365611076355, 3.0310111045837402, 0.364024500854262, 0.02588772028684616], [0.8378961543039378, 0.27960261702537537, 2.5875428905235203, 3.425339698791504, 2.961138963699341, 0.42404527121601643, 0.025953471660614014], [0.8516230513167802, 0.2818257808685303, 2.605718020175817, 3.47611141204834, 3.0574934482574463, 0.4301933157094346, 0.02543218806385994], [0.810415506898867, 0.25424259901046753, 2.5324968395333176, 3.6216888427734375, 2.9930152893066406, 0.39697231349341555, 0.024729374796152115], [0.7908624653819207, 0.24765412509441376, 2.509373508974169, 3.420949935913086, 2.888500452041626, 0.40905314288288824, 0.023021791130304337], [0.7721101984856082, 0.23454821109771729, 2.4742493275640447, 3.4472365379333496, 2.8668980598449707, 0.430487416833079, 0.02324516326189041], [0.7460464066821667, 0.21193063259124756, 2.4401483475189236, 3.3489835262298584, 2.8675193786621094, 0.3874624812422334, 0.023420896381139755], [0.7372445974104163, 0.2077825963497162, 2.4248941313252415, 3.445779800415039, 2.835268020629883, 0.42736337216708686, 0.025138622149825096], [0.7467722766083269, 0.21641609072685242, 2.452227581739961, 3.5290184020996094, 2.8160440921783447, 0.47282985488657736, 0.023244008421897888], [0.7757086382066429, 0.23386722803115845, 2.5092058519884644, 3.466249465942383, 2.8745455741882324, 0.4714582911635373, 0.023711329326033592], [0.7315082175669315, 0.20361466705799103, 2.431930262141916, 3.5207085609436035, 2.811798095703125, 0.479856485404415, 0.024541344493627548], [0.7635064325965499, 0.2248367816209793, 2.45271499801383, 3.489086151123047, 2.899090528488159, 0.4721368775853565, 0.023854294791817665], [0.8738941866304779, 0.2942661643028259, 2.6190722564757403, 3.412421464920044, 3.1430835723876953, 0.4607679217150505, 0.021583564579486847], [0.8260197238929156, 0.2687339782714844, 2.550249448909941, 3.3390069007873535, 2.98921799659729, 0.4226832767147898, 0.023420877754688263], [0.8202328609284063, 0.26710718870162964, 2.584601146616091, 3.445488452911377, 2.912200689315796, 0.37362610396887075, 0.024775559082627296], [0.7866294154355957, 0.24587932229042053, 2.5063786710786653, 3.386019229888916, 2.8672618865966797, 0.35825668217212825, 0.024861210957169533], [0.8248205703316059, 0.267672061920166, 2.573674911731657, 3.7555322647094727, 2.9602549076080322, 0.5006986918009556, 0.022472022101283073], [0.8586919532537829, 0.28814196586608887, 2.6291070030149033, 3.470794439315796, 3.041684865951538, 0.45196053018935844, 0.02411288395524025], [0.8448797530435161, 0.27739080786705017, 2.6199748422355817, 3.3177270889282227, 3.0217373371124268, 0.41711021727546205, 0.023438459262251854], [0.8461955266125767, 0.28230392932891846, 2.56820898461741, 3.57460618019104, 3.0349607467651367, 0.4151110908510234, 0.02295461669564247], [0.8967398772034878, 0.3073384165763855, 2.6764120990597555, 3.4697189331054688, 3.1829051971435547, 0.42645467685192434, 0.024262133985757828], [0.814686251908251, 0.25972601771354675, 2.5411763238877887, 3.5380606651306152, 2.9730453491210938, 0.41223912912194516, 0.02404119074344635], [0.8111446756958097, 0.26031264662742615, 2.541742609902352, 3.46207332611084, 2.9319570064544678, 0.44621686184414683, 0.026273075491189957], [0.8041110669223239, 0.256564199924469, 2.5159731409117776, 3.5072906017303467, 2.9244225025177, 0.45831782593599574, 0.026367908343672752], [0.8570870618206956, 0.2806139290332794, 2.6154726286060592, 3.415694236755371, 3.1151018142700195, 0.43638432623484735, 0.02427763305604458], [0.8261015119788301, 0.26916825771331787, 2.547093017784011, 3.863187313079834, 2.983607530593872, 0.4288938798009182, 0.024358049035072327], [0.8003402726417438, 0.25197523832321167, 2.5414940288011287, 3.524017095565796, 2.9069161415100098, 0.48242095024289944, 0.025639476254582405], [0.8376558571034014, 0.2742666006088257, 2.572552584023117, 3.561777353286743, 3.025722026824951, 0.4051821141377707, 0.025425985455513], [0.8031473541944605, 0.25026845932006836, 2.5326712246382055, 3.858919143676758, 2.957528591156006, 0.4516290303812196, 0.03489026427268982], [0.7936110162765805, 0.24741430580615997, 2.507941237774763, 3.4885406494140625, 2.919140338897705, 0.42393979431202344, 0.024438146501779556], [0.7707395563824131, 0.2359551340341568, 2.477624615179404, 3.721799373626709, 2.8330016136169434, 0.4972856020155762, 0.023548739030957222], [0.7372461840970392, 0.21190524101257324, 2.3934228410887974, 3.6197171211242676, 2.823789358139038, 0.4630303570516361, 0.029965773224830627], [0.7492595131555844, 0.21875521540641785, 2.380966877611625, 3.634341239929199, 2.88773250579834, 0.44358426665264017, 0.028615515679121017], [0.7648629698515292, 0.22895880043506622, 2.4339613607939152, 3.477809190750122, 2.8903021812438965, 0.46475817017726373, 0.030882060527801514], [0.7959982960438243, 0.2472032755613327, 2.4832159541080516, 3.5659403800964355, 2.9690747261047363, 0.4767323043385292, 0.03153510391712189], [0.8111403356340603, 0.2555537819862366, 2.5094750430778423, 3.395028829574585, 3.0124402046203613, 0.4133196785178894, 0.04046710208058357], [0.8637113065311166, 0.2884752154350281, 2.620548721720877, 3.521648406982422, 3.0965957641601562, 0.49245271915698285, 0.03359720855951309], [0.7893948720991477, 0.24580979347229004, 2.4850190018674883, 3.6627185344696045, 2.9142045974731445, 0.42722512124745843, 0.03685181587934494], [0.8169573511361299, 0.25922513008117676, 2.526239511455563, 3.4724678993225098, 3.016357898712158, 0.45796241667331716, 0.04117998108267784], [0.7803577301920979, 0.23541314899921417, 2.479703576201229, 3.560107469558716, 2.934141159057617, 0.4392587710663275, 0.04352959990501404], [0.8428033512371562, 0.2808435559272766, 2.6044821891067254, 3.2542550563812256, 2.9825730323791504, 0.46124722281561925, 0.03961421549320221], [0.8362781200558369, 0.2761816382408142, 2.522685853764836, 3.5144453048706055, 3.0431344509124756, 0.4432415677368744, 0.03876746818423271], [0.7706215459382901, 0.22625869512557983, 2.4362915204789433, 3.3359360694885254, 2.973977565765381, 0.41893460675805605, 0.04760967567563057], [0.7837691132558318, 0.23793725669384003, 2.448451731001766, 3.5950303077697754, 2.973916530609131, 0.5006136258708122, 0.04141779989004135], [0.7699444670838959, 0.23363152146339417, 2.4813700533972147, 3.6337966918945312, 2.845421314239502, 0.47782362767093745, 0.044283099472522736], [0.7360418027518506, 0.20561252534389496, 2.4178670959269652, 3.3670785427093506, 2.852754831314087, 0.4404677371808414, 0.04339253157377243], [0.807052403308029, 0.25773876905441284, 2.5065895015517867, 3.4848833084106445, 2.951698064804077, 0.4365006759507175, 0.04294785112142563], [0.7822868710321955, 0.2372962385416031, 2.476542068583541, 3.4129581451416016, 2.939234733581543, 0.46223209179601726, 0.03823600709438324], [0.7927463575293665, 0.2505825161933899, 2.511975503553991, 3.530073642730713, 2.874361991882324, 0.43949542882289727, 0.041678961366415024], [0.8269213118666949, 0.2651905417442322, 2.5405673026872604, 3.392864465713501, 3.042811632156372, 0.41583166813295813, 0.04682541638612747], [0.7796040793923886, 0.23164665699005127, 2.4361931458546238, 3.5269956588745117, 3.008111000061035, 0.45958793395815095, 0.04644021764397621], [0.7951277705362148, 0.24728825688362122, 2.534424491679377, 3.428884506225586, 2.909681797027588, 0.41803344001965526, 0.04014647752046585], [0.7783725049098533, 0.23706652224063873, 2.45944614916439, 3.6306357383728027, 2.917307138442993, 0.42561992479168476, 0.04146597906947136], [0.7723545554046003, 0.22896260023117065, 2.4415988856446424, 3.657639741897583, 2.9557442665100098, 0.4672306391338171, 0.04587477445602417], [0.779673627763609, 0.23110997676849365, 2.5100464485547933, 3.465486526489258, 2.9409351348876953, 0.47126068450967995, 0.039411332458257675], [0.8251018264476226, 0.2643725872039795, 2.567759688157604, 3.6662917137145996, 3.0028696060180664, 0.4464108267025252, 0.046400249004364014], [0.868811573673788, 0.28793585300445557, 2.635877186700734, 3.846457004547119, 3.1344153881073, 0.42461378178080744, 0.048191219568252563], [0.8202127646885053, 0.2609422504901886, 2.61224383045657, 3.2896885871887207, 2.9475643634796143, 0.38063357973291556, 0.05442509427666664], [0.8171538129486628, 0.2606171667575836, 2.5230125231114404, 3.576392889022827, 3.006589889526367, 0.4139418322927923, 0.0497165247797966], [0.7511695539147613, 0.21124887466430664, 2.4111703709112673, 3.5050060749053955, 2.952986240386963, 0.4576523009214999, 0.04605567082762718], [0.7807791551533116, 0.2347022294998169, 2.5222887047146982, 3.5894389152526855, 2.9025862216949463, 0.38671920466304455, 0.058480121195316315], [0.7988341992519039, 0.2491753101348877, 2.545316078963863, 3.435441255569458, 2.9169182777404785, 0.4066685771126123, 0.048940129578113556], [0.7934987036806204, 0.2446257323026657, 2.5055544025419727, 3.4930200576782227, 2.948245048522949, 0.41184770419521444, 0.06129490211606026], [0.7905167068718354, 0.23958703875541687, 2.4871156340375347, 3.4870457649230957, 2.9873104095458984, 0.42150454222502415, 0.05578756704926491], [0.810494971287496, 0.2533831000328064, 2.547142855479043, 3.6130316257476807, 2.9878454208374023, 0.4098709467207934, 0.05497709661722183], [0.8246327698132612, 0.2573551833629608, 2.5433916611546947, 3.665922164916992, 3.0927248001098633, 0.4635937268888919, 0.052756983786821365], [0.7904717655050131, 0.24198155105113983, 2.4846089031906144, 3.7210748195648193, 2.9630823135375977, 0.4595455184655922, 0.05102495849132538], [0.7551977580232869, 0.22559532523155212, 2.397877782868545, 3.4737024307250977, 2.8634095191955566, 0.4118057282559835, 0.05797833204269409], [0.7559516758697329, 0.21925786137580872, 2.4490242200365646, 3.5406479835510254, 2.88250732421875, 0.4570067384567364, 0.053502701222896576], [0.7139077635121664, 0.2000405192375183, 2.3685562136705434, 3.756363868713379, 2.7325525283813477, 0.4424091238817923, 0.056218087673187256], [0.7379859548144202, 0.21481040120124817, 2.4167218847090113, 3.3299779891967773, 2.781733751296997, 0.4658363583218773, 0.050779376178979874], [0.730929369831842, 0.20606629550457, 2.409922301568208, 3.5672762393951416, 2.8030354976654053, 0.457204129630443, 0.05520160496234894], [0.7312373758388231, 0.20088189840316772, 2.38367934441335, 3.7792370319366455, 2.882082939147949, 0.4928015222008524, 0.05253773182630539], [0.8038228294806256, 0.2540673017501831, 2.5049514705256364, 3.2582309246063232, 2.960021495819092, 0.4397993017967211, 0.05169990658760071], [0.7759271214636208, 0.2397824227809906, 2.519038221253247, 3.528718948364258, 2.807121515274048, 0.45032903287503734, 0.04968132823705673], [0.7540432447617438, 0.22128570079803467, 2.4652009876943497, 3.4816231727600098, 2.8275582790374756, 0.4425983275233168, 0.051132362335920334], [0.8194425405093895, 0.27008384466171265, 2.5443171813129055, 3.330624580383301, 2.9159634113311768, 0.4545997807712885, 0.04666009917855263], [0.8109057815135812, 0.2625015676021576, 2.543540098094737, 3.5927467346191406, 2.904574394226074, 0.4116790745604578, 0.06146188825368881], [0.8358915696824797, 0.2781439423561096, 2.5715111447227077, 3.47179913520813, 2.9712471961975098, 0.3795396329418413, 0.04947381094098091], [0.7834133613198903, 0.23382031917572021, 2.4958929352424106, 3.867518186569214, 2.96136212348938, 0.41648488816242657, 0.045258212834596634], [0.7720373842446506, 0.242672860622406, 2.447375365579874, 3.6266708374023438, 2.8100030422210693, 0.4017505146914342, 0.04573103040456772], [0.7774571915771629, 0.23068299889564514, 2.452519808113392, 3.598259449005127, 2.9792394638061523, 0.4322311058097792, 0.047123562544584274], [0.7388974811338793, 0.2133329063653946, 2.3965618306928977, 3.8113796710968018, 2.820970058441162, 0.45576739551179707, 0.047011107206344604], [0.7288464838945178, 0.208215594291687, 2.3850318024203756, 3.6134729385375977, 2.785142421722412, 0.4148973356858876, 0.045944467186927795], [0.7370888033001531, 0.21301518380641937, 2.4049975919116626, 3.623807668685913, 2.7995004653930664, 0.4374865603637893, 0.048638224601745605], [0.6897215369413463, 0.18903157114982605, 2.305617594416109, 3.5691418647766113, 2.665590524673462, 0.4748227403500353, 0.0527181513607502], [0.7158562905025994, 0.20214173197746277, 2.3916733319511168, 3.4199118614196777, 2.711273193359375, 0.44573056531701244, 0.05651918053627014], [0.7123349844146272, 0.20100924372673035, 2.366742689296355, 3.5384931564331055, 2.711129665374756, 0.48000732064912366, 0.049574676901102066], [0.7414849494769061, 0.22599688172340393, 2.425475128645832, 3.673532009124756, 2.6926701068878174, 0.5144928136386472, 0.04650275409221649], [0.7385469417146413, 0.21234163641929626, 2.41070066165459, 3.6851162910461426, 2.8145012855529785, 0.42622435765205546, 0.05264250189065933], [0.7417459402222446, 0.21755585074424744, 2.406351520203314, 3.5738308429718018, 2.7998108863830566, 0.47982231071265535, 0.04731801152229309], [0.7495531286157312, 0.22347858548164368, 2.501158239364268, 3.371091842651367, 2.7258763313293457, 0.4533412779569346, 0.04253747686743736], [0.782527649190701, 0.24485069513320923, 2.5263354147081754, 3.432565927505493, 2.816108465194702, 0.44930962031487764, 0.05182613804936409], [0.8088103232020889, 0.25249531865119934, 2.5250037964902856, 3.4153213500976562, 3.003993034362793, 0.46683529753128256, 0.05303597450256348], [0.7604945284437042, 0.22912709414958954, 2.427536457433951, 3.53433895111084, 2.8507943153381348, 0.509590560515857, 0.05688287317752838], [0.7735742125483808, 0.23917683959007263, 2.455896800207552, 3.714474678039551, 2.8509321212768555, 0.5115997043864237, 0.056209493428468704], [0.7555877200628867, 0.22781100869178772, 2.4688197111927472, 3.5646395683288574, 2.773300886154175, 0.5035235137905094, 0.053914666175842285], [0.7492493963444579, 0.2199312448501587, 2.4086100045758965, 3.6206798553466797, 2.8483645915985107, 0.4992458861803211, 0.05958832800388336], [0.7418064901991154, 0.21838024258613586, 2.4202222944371057, 3.3702845573425293, 2.780337333679199, 0.4896967187879799, 0.05890006572008133], [0.7687177694501113, 0.23608428239822388, 2.4808943961800445, 3.3290352821350098, 2.812150001525879, 0.44223652718387974, 0.05908924341201782], [0.741713167228487, 0.22035810351371765, 2.393110278665392, 3.482950210571289, 2.7856106758117676, 0.5021522002888699, 0.06556036323308945], [0.7299174034121285, 0.21732932329177856, 2.394197593527685, 3.333653211593628, 2.6983466148376465, 0.4672605101945798, 0.0693897232413292], [0.7648787556550763, 0.23347724974155426, 2.4572797956497596, 3.655460834503174, 2.820180654525757, 0.4969931241823944, 0.05844772607088089], [0.7730872747031104, 0.23588207364082336, 2.470237304930639, 3.487867593765259, 2.866935968399048, 0.45051140865068273, 0.058732759207487106], [0.7612844324951162, 0.2277214527130127, 2.4685823324146776, 3.441540002822876, 2.832632064819336, 0.40698897709584514, 0.05933986231684685], [0.7114598721302515, 0.19584037363529205, 2.3339442867221596, 3.3899519443511963, 2.788351058959961, 0.47427966665303833, 0.057705316692590714], [0.7380373447168278, 0.21647365391254425, 2.3948785657655765, 3.335338592529297, 2.787405014038086, 0.48027258068649914, 0.06269769370555878], [0.7373835103124243, 0.21606284379959106, 2.3910294389388085, 3.4312121868133545, 2.787865161895752, 0.4824862592888618, 0.05427569895982742], [0.72422399047548, 0.2094791978597641, 2.4247143093282406, 3.3272204399108887, 2.6894612312316895, 0.3926285253503923, 0.05502203106880188], [0.7482919559742515, 0.22147312760353088, 2.4276114436082588, 3.3620071411132812, 2.8069567680358887, 0.4197175929029904, 0.053352802991867065], [0.7220218606986255, 0.21103757619857788, 2.3791596891769777, 3.3795602321624756, 2.696887493133545, 0.47589686275938325, 0.06024961918592453], [0.730625498311963, 0.20816177129745483, 2.394827243111991, 3.450089931488037, 2.795309066772461, 0.47464776011557325, 0.057124387472867966], [0.7158540765061142, 0.20668238401412964, 2.3986641254789256, 3.453692674636841, 2.6585159301757812, 0.4663188246007598, 0.057762809097766876], [0.7177032540105495, 0.20456106960773468, 2.388376459032508, 3.4776620864868164, 2.708268642425537, 0.4809493684529661, 0.06361199170351028], [0.7104479368306766, 0.20531901717185974, 2.3670564573221613, 3.4720447063446045, 2.64951229095459, 0.4935444566113104, 0.06266853213310242], [0.7412138696895797, 0.21510529518127441, 2.4378469182605635, 3.356442451477051, 2.7896742820739746, 0.479535471257009, 0.056840792298316956], [0.7269418737269927, 0.2117501199245453, 2.3996962577812266, 3.283118486404419, 2.7193899154663086, 0.4581794024191862, 0.06148122251033783], [0.6776184678860022, 0.18681888282299042, 2.320471102688475, 3.419140338897705, 2.553333282470703, 0.4619810359232725, 0.06520003080368042], [0.6914802536738885, 0.18934856355190277, 2.374033169725759, 3.4089741706848145, 2.613193988800049, 0.47902886411992085, 0.06270924210548401], [0.6926473623865206, 0.18887607753276825, 2.378911492672671, 3.4757533073425293, 2.6240437030792236, 0.46630847944987747, 0.05729147046804428], [0.693346918983435, 0.1899852454662323, 2.3870201474433186, 3.4052586555480957, 2.612544059753418, 0.46768450063692973, 0.057598382234573364], [0.6995235838430284, 0.1924714744091034, 2.3775811339414696, 3.538282871246338, 2.6575570106506348, 0.476497482646252, 0.0525345504283905], [0.7513994327356132, 0.22446413338184357, 2.454009111580463, 3.4298741817474365, 2.7810449600219727, 0.43427211096274543, 0.050575658679008484], [0.6919298294773288, 0.19128042459487915, 2.3355756554100298, 3.5309181213378906, 2.6356091499328613, 0.4484037882214258, 0.061283014714717865], [0.7108660968792808, 0.19931964576244354, 2.406558052011949, 3.336750030517578, 2.675539016723633, 0.4239784882472767, 0.052108317613601685], [0.7084637708077678, 0.20047792792320251, 2.3914331407756597, 3.414313316345215, 2.6542820930480957, 0.48932405463641593, 0.05742008611559868], [0.7019536131099793, 0.20029133558273315, 2.335992033165875, 3.3021626472473145, 2.647608995437622, 0.46720250949805087, 0.06164965778589249], [0.6936004273603017, 0.19397017359733582, 2.334957236899341, 3.3892388343811035, 2.627452850341797, 0.4714680739958539, 0.06275226175785065], [0.6667144902027226, 0.17772804200649261, 2.3064432390732823, 3.3411753177642822, 2.5500094890594482, 0.4695221573267282, 0.06324996799230576], [0.6872450154425959, 0.18944984674453735, 2.363009475322823, 3.2997446060180664, 2.581944704055786, 0.45384678704475045, 0.05713029205799103], [0.6948174247063152, 0.1939254105091095, 2.417610005486212, 3.2388856410980225, 2.5589213371276855, 0.442167520608851, 0.05218660086393356], [0.8269790915329136, 0.2606189250946045, 2.5114464098812412, 3.412095069885254, 3.1180343627929688, 0.42236843626645104, 0.05016546696424484], [0.7209255099100924, 0.20836788415908813, 2.4407476277928115, 3.400235176086426, 2.6508262157440186, 0.42181276198754314, 0.05491846799850464], [0.6853601251352971, 0.19428551197052002, 2.359549131799882, 3.310966968536377, 2.518087387084961, 0.47567639607623374, 0.05234638601541519], [0.6752856513561454, 0.18324601650238037, 2.3175004288384278, 3.6460580825805664, 2.5664353370666504, 0.5122784613359738, 0.056838251650333405], [0.7151886474421942, 0.20674839615821838, 2.3881827439989394, 3.4364843368530273, 2.6618547439575195, 0.5049127945795487, 0.06281197816133499], [0.7263046654669295, 0.21658547222614288, 2.4307081036099296, 3.4491426944732666, 2.6319923400878906, 0.47858156654762013, 0.05366862937808037], [0.6915974910609817, 0.19331541657447815, 2.32974936743865, 3.393599510192871, 2.6191353797912598, 0.4998534858225609, 0.05979672819375992], [0.7395369769883081, 0.21704070270061493, 2.401839337189421, 3.4450063705444336, 2.7886734008789062, 0.46141283419590096, 0.05954267457127571], [0.7049365046091212, 0.1958654224872589, 2.368890580378307, 3.449267625808716, 2.6873273849487305, 0.47371889181087323, 0.05640837550163269], [0.7117491894341244, 0.20066776871681213, 2.386155174053444, 3.397810935974121, 2.690680742263794, 0.4753319510240061, 0.05138508975505829], [0.6931652688553966, 0.19424870610237122, 2.3268763615213706, 3.6724629402160645, 2.6255645751953125, 0.5226436742056245, 0.0563795380294323], [0.6767654791937862, 0.1834547519683838, 2.3480436257065276, 3.3796796798706055, 2.551266670227051, 0.45986019026541747, 0.06032942235469818], [0.6772893221845189, 0.18313030898571014, 2.3627705260005682, 3.3377022743225098, 2.545442581176758, 0.47593532870255206, 0.05888611078262329], [0.7015933894984769, 0.19943290948867798, 2.3965771612379423, 3.1755905151367188, 2.5932717323303223, 0.4455215236072879, 0.05552993714809418], [0.7283270991982215, 0.21262505650520325, 2.447163350523703, 3.414198637008667, 2.6757149696350098, 0.44081853499769097, 0.05859246104955673], [0.7482521266709439, 0.2209406942129135, 2.4245114326806583, 3.5385847091674805, 2.8132169246673584, 0.45707788847580577, 0.04732084646821022], [0.7201008304745228, 0.20194754004478455, 2.3962818009558027, 3.3197364807128906, 2.752053737640381, 0.41548922215541706, 0.04930809885263443], [0.7003789044486634, 0.19826538860797882, 2.350194627454779, 3.5324764251708984, 2.635615825653076, 0.4561756974603178, 0.053659480065107346], [0.7244105341543379, 0.20746909081935883, 2.393075188320996, 3.507781982421875, 2.7412614822387695, 0.45179157677272286, 0.0598587691783905], [0.7729259459197468, 0.23762577772140503, 2.500876497838594, 3.3591105937957764, 2.8185338973999023, 0.41990483268899353, 0.06166841834783554], [0.7697634502881648, 0.23238366842269897, 2.4740769216879035, 3.2226669788360596, 2.8674941062927246, 0.41985182930180864, 0.05155688524246216], [0.7208403112723518, 0.21081870794296265, 2.398869426812071, 3.1757681369781494, 2.669588804244995, 0.4133782415641448, 0.05406797304749489], [0.7083872942267347, 0.20193789899349213, 2.378969349911798, 3.1899590492248535, 2.653625011444092, 0.4261071726368194, 0.052181266248226166], [0.731852817672394, 0.20913584530353546, 2.4254841739041333, 3.265104293823242, 2.7690343856811523, 0.4596979690649148, 0.05161232501268387], [0.734606976233996, 0.21000811457633972, 2.4129221689385867, 3.1638307571411133, 2.8014280796051025, 0.4088945579888967, 0.0589095875620842], [0.7086022615504288, 0.20036141574382782, 2.3762859688855946, 3.3551840782165527, 2.6725707054138184, 0.4416484410706487, 0.05917884036898613], [0.6966059278647798, 0.1890333890914917, 2.386659934136468, 3.3228511810302734, 2.655836820602417, 0.46411326374569184, 0.06638190150260925], [0.6781296093571088, 0.18508896231651306, 2.33563227261891, 3.5054216384887695, 2.559720039367676, 0.4947737863638618, 0.06658230721950531], [0.6981862452949152, 0.19225186109542847, 2.383797979118989, 3.4197022914886475, 2.6413488388061523, 0.46718752148822607, 0.06368635594844818], [0.7315640011324555, 0.2136526107788086, 2.4435614975979627, 3.3290300369262695, 2.7022619247436523, 0.44903314289132734, 0.06233843415975571], [0.7163860357546088, 0.20343145728111267, 2.400244497407999, 3.271235227584839, 2.6965889930725098, 0.45598449168766486, 0.058428965508937836], [0.7003800313574237, 0.19160380959510803, 2.347043246150923, 3.5074899196624756, 2.705643892288208, 0.48913349626564834, 0.06205097213387489], [0.6912038493992492, 0.19143009185791016, 2.3624254880451705, 3.295511484146118, 2.6023569107055664, 0.4589539538619615, 0.06451664119958878], [0.6354563402032318, 0.16451147198677063, 2.259096480460676, 3.3844895362854004, 2.4165072441101074, 0.5103067488735191, 0.06264065951108932], [0.6493374302307864, 0.17147982120513916, 2.3109048695999874, 3.4227702617645264, 2.433443546295166, 0.4995901478990157, 0.061213746666908264], [0.6536135003959654, 0.17328894138336182, 2.336824120545654, 3.265742778778076, 2.4337639808654785, 0.47371270779174823, 0.061442043632268906], [0.6551303009400373, 0.1695273518562317, 2.342119641034161, 3.1962456703186035, 2.481947422027588, 0.4866389955492004, 0.06095997989177704], [0.6373894323383561, 0.1613883376121521, 2.247123405591688, 3.305939197540283, 2.479828119277954, 0.46530608762228365, 0.058216728270053864], [0.7433662300028376, 0.22072181105613708, 2.3585882755299137, 3.313917398452759, 2.834716558456421, 0.4433721105436232, 0.053800635039806366], [0.7174122279620043, 0.20286208391189575, 2.364891387632362, 3.2765891551971436, 2.7478439807891846, 0.46293746954096215, 0.04590581730008125], [0.6851609270629115, 0.18590930104255676, 2.3134165542019685, 3.425475597381592, 2.6448450088500977, 0.4764233985949625, 0.05782444030046463], [0.6602996064935522, 0.16963884234428406, 2.358425095331566, 3.3655104637145996, 2.5145273208618164, 0.4429695147578663, 0.058216921985149384], [0.6641441837790869, 0.18154241144657135, 2.319258507713191, 3.3465819358825684, 2.4732933044433594, 0.4518731564025448, 0.057198286056518555], [0.643190881395549, 0.16080306470394135, 2.3129904169572937, 3.4018075466156006, 2.476869583129883, 0.421346735200707, 0.05822278559207916], [0.6581529428110802, 0.17093588411808014, 2.3090223831584384, 3.270751476287842, 2.53044056892395, 0.4246636330321627, 0.05873511731624603], [0.6912424663524108, 0.19289764761924744, 2.3540317304199214, 3.459202289581299, 2.5948243141174316, 0.45556106370894756, 0.057035453617572784], [0.6765409738756172, 0.17992304265499115, 2.355484606697611, 3.4000513553619385, 2.5766940116882324, 0.48541630597383645, 0.06094969063997269], [0.6910170335600384, 0.1906442642211914, 2.382096541391917, 3.5236899852752686, 2.5863943099975586, 0.5127112482515699, 0.0632970780134201], [0.6850684930743374, 0.1896865963935852, 2.3555722815782802, 3.332798719406128, 2.5649185180664062, 0.4689698039769967, 0.06311661005020142], [0.6857909567300038, 0.187502920627594, 2.3207742815090278, 3.4945826530456543, 2.62716007232666, 0.49360588101172975, 0.06389067322015762], [0.7471493002936833, 0.21864712238311768, 2.395257323492907, 3.3986713886260986, 2.8557777404785156, 0.47723141807845715, 0.0610881969332695], [0.6957887386865813, 0.1913667619228363, 2.350755228157986, 3.752924919128418, 2.655935287475586, 0.5232382457609986, 0.06280781328678131], [0.6483881166647988, 0.17096686363220215, 2.2801839611268218, 3.6251306533813477, 2.457777261734009, 0.5171484493656331, 0.05817241221666336], [0.6644626666805545, 0.17837563157081604, 2.2938887816991906, 3.5277857780456543, 2.5317037105560303, 0.5124710598259109, 0.060944605618715286], [0.709911210696976, 0.1998109221458435, 2.378152916224854, 3.415268898010254, 2.688697338104248, 0.4676294794403026, 0.06862164288759232], [0.693992678554616, 0.19566170871257782, 2.349338238256788, 3.3191328048706055, 2.6007800102233887, 0.4934214627910592, 0.06012625992298126], [0.6910055930034125, 0.1942073106765747, 2.3660981592320436, 3.50264310836792, 2.5668582916259766, 0.5075460570821198, 0.0556890070438385], [0.6413746940672034, 0.15828469395637512, 2.2695831710022034, 3.3054988384246826, 2.528261661529541, 0.46802303442442067, 0.045144688338041306], [0.6188995668482248, 0.15042397379875183, 2.228164503168527, 3.440260648727417, 2.4221887588500977, 0.46191331669198055, 0.05501612275838852], [0.6482480471794612, 0.16600120067596436, 2.304279830613292, 3.2680609226226807, 2.4855079650878906, 0.4244218314987348, 0.05669926106929779], [0.6609754584629434, 0.17652368545532227, 2.3204576376754513, 3.274284839630127, 2.4913172721862793, 0.4208219405659299, 0.05635739490389824], [0.6660677577401601, 0.1763128936290741, 2.323082774910234, 3.2764368057250977, 2.541701316833496, 0.4715179390453717, 0.04991111159324646], [0.6612056898760476, 0.16856159269809723, 2.3419609152403256, 3.3890016078948975, 2.5505900382995605, 0.4801277199996995, 0.04824405908584595], [0.632698331798603, 0.1609548181295395, 2.293564836282182, 3.372732162475586, 2.3901429176330566, 0.47439343433554065, 0.05650605261325836], [0.6367574164259181, 0.16153240203857422, 2.2841864010197375, 3.5114197731018066, 2.4329495429992676, 0.4923227519815773, 0.056193456053733826], [0.6599257591442106, 0.17572471499443054, 2.296446618419973, 3.377640724182129, 2.5117874145507812, 0.45954634146496454, 0.055729664862155914], [0.6703164266623604, 0.18303519487380981, 2.3428176960126033, 3.5295560359954834, 2.494699001312256, 0.5127100963024119, 0.055516161024570465], [0.6447115648701289, 0.1695171296596527, 2.264036206691959, 3.297238349914551, 2.4549357891082764, 0.5007061141314344, 0.05149029940366745], [0.7245747431859467, 0.2095302939414978, 2.3732083628215825, 3.405543565750122, 2.743180513381958, 0.502633625365803, 0.0527309849858284], [0.6687876198853059, 0.1831185519695282, 2.2858301232966314, 3.4510364532470703, 2.5363502502441406, 0.5011325394342605, 0.060606442391872406], [0.626871622932252, 0.15840120613574982, 2.2554711887716916, 3.375657558441162, 2.3954763412475586, 0.4919916130223062, 0.057598747313022614], [0.6370090527324999, 0.1605774164199829, 2.2849152603699507, 3.461050033569336, 2.4447906017303467, 0.5095042910506216, 0.05383177101612091], [0.6493589204492659, 0.1648336946964264, 2.3121935052225897, 3.183000087738037, 2.5012285709381104, 0.45160543572771505, 0.0511428564786911], [0.6540983012614144, 0.17021098732948303, 2.3176564329465164, 3.468735456466675, 2.4865293502807617, 0.4680165022458732, 0.0597025528550148], [0.6353477872199232, 0.16181665658950806, 2.2697372797307027, 3.449889898300171, 2.431075096130371, 0.5003547168758121, 0.059164129197597504], [0.6118931800134567, 0.1438460797071457, 2.1813174192869047, 3.3806679248809814, 2.4653468132019043, 0.4878683635255411, 0.06146519258618355], [0.6212240766366262, 0.14652933180332184, 2.26610165238871, 3.297199249267578, 2.447873830795288, 0.4502480963997795, 0.0544586256146431], [0.6235546589852579, 0.14893123507499695, 2.242355115269579, 3.3586971759796143, 2.470292091369629, 0.517707585171682, 0.060712289065122604], [0.6348461554374519, 0.15997496247291565, 2.269420378364596, 3.36629056930542, 2.4456286430358887, 0.4951749396142795, 0.04919322580099106], [0.6246174341984783, 0.1551259160041809, 2.2890363852351348, 3.4509193897247314, 2.3713696002960205, 0.4957449973272603, 0.06411479413509369], [0.6480878109979609, 0.1679134964942932, 2.3033689571834897, 3.5607717037200928, 2.462766408920288, 0.5084206867018914, 0.0691496729850769], [0.6623814690273407, 0.17289772629737854, 2.3233469807283615, 3.275517463684082, 2.5387351512908936, 0.4885574446778679, 0.06192541494965553], [0.6604489852031236, 0.1715087592601776, 2.336955515490388, 3.257455348968506, 2.5198721885681152, 0.48783609140454265, 0.05558815598487854], [0.6700143068809541, 0.1778721958398819, 2.305789331220569, 3.4895498752593994, 2.5807361602783203, 0.4856329410787401, 0.06191054731607437], [0.6919823749514273, 0.19043666124343872, 2.3455110537465425, 3.4093685150146484, 2.635852336883545, 0.47771456866375733, 0.06551414728164673], [0.7286604332040784, 0.2086230218410492, 2.4527079483976335, 3.390244960784912, 2.71376371383667, 0.4678836044900932, 0.06842386722564697], [0.6355433726422064, 0.15200413763523102, 2.3123316319841365, 3.212062358856201, 2.4909400939941406, 0.4320791594157775, 0.05851351469755173], [0.6286327913747017, 0.15750911831855774, 2.2630695885688414, 3.060006618499756, 2.417567014694214, 0.44406129628125773, 0.06744436919689178], [0.6209355540832641, 0.15257474780082703, 2.2513894520496445, 3.470477342605591, 2.3975138664245605, 0.49836902196010235, 0.07331451773643494], [0.6125153430822674, 0.14515745639801025, 2.2473951821135323, 3.4251224994659424, 2.391932487487793, 0.5099081910069434, 0.0726044625043869]] 
